  6111.6     3898.4
                                      
  4701.1     1595.7
                                      
  2664.9    -1730.6
                                      
   941.5    -4545.0
                                      
 -1093.4    -7871.2
                                      
 -2973.2   -10941.5
                                      
  5285.2     3700.0
                                      
  4190.5     1908.9
                                      
  2623.3     -649.7
                                      
  1212.8    -2952.3
                                      
  -196.8    -5255.1
                                      
 -1762.9    -7813.8
                                      
 -2858.2    -9604.8
                                      
  4774.4     4013.2
                                      
  3677.9     2222.2
                                      
  2737.5      687.1
                                      
  1484.3    -1359.8
                                      
   389.3    -3150.9
                                      
  -707.2    -4941.8
                                      
 -2587.8    -8012.2
                                      
  4419.5     4582.3
                                      
  3636.4     3303.0
                                      
  1442.6     -279.0
                                      
 -1377.0    -4884.5
                                      
 -2472.7    -6675.4
                                      
 -3882.5    -8978.2
                                      
 -4509.5   -10001.7
                                      
  3750.8     4639.8
                                      
  1714.2     1313.6
                                      
    -7.6    -1500.9
                                      
  -948.6    -3036.0
                                      
 -2670.4    -5850.4
                                      
 -4080.3    -8153.2
                                      
 -5021.6    -9688.4
                                      
  3551.6     5464.7
                                      
  2768.7     4185.4
                                      
  1359.2     1882.7
                                      
  -520.1    -1187.6
                                      
 -1929.6    -3490.4
                                      
 -3495.5    -6049.0
                                      
 -4905.1    -8351.6
                                      
  2102.0     4242.9
                                      
   848.4     2196.1
                                      
  -875.2     -618.4
                                      
 -2284.7    -2921.1
                                      
 -2912.3    -3944.6
                                      
 -3695.2    -5223.8
                                      
 -4947.6    -7270.8
                                      
  2216.1     5579.6
                                      
  1275.7     4044.5
                                      
  -917.3      462.4
                                      
 -3580.2    -3887.2
                                      
 -4832.9    -5934.0
                                      
 -5929.7    -7725.1
                                      
 -6556.4    -8748.6
                                      
  1860.9     6148.8
                                      
   607.1     4101.9
                                      
 -1428.1      775.6
                                      
 -2995.0    -1782.9
                                      
 -3935.4    -3318.1
                                      
 -5188.1    -5365.0
                                      
 -6284.9    -7155.9
                                      
  1349.9     6462.0
                                      
   -61.6     4159.3
                                      
 -2724.4     -190.3
                                      
 -4603.4    -3260.6
                                      
 -6170.4    -5819.2
                                      
 -7579.2    -8122.0
                                      
   681.0     6519.4
                                      
  -572.6     4472.6
                                      
 -1825.5     2425.7
                                      
 -2922.2      634.7
                                      
 -4175.8    -1412.2
                                      
 -4958.7    -2691.5
                                      
 -6523.8    -5250.1
                                      
 -8091.6    -7808.6
                                      
   169.9     6832.7
                                      
 -1710.1     3762.4
                                      
 -2964.5     1715.5
                                      
 -3903.5      180.4
                                      
 -4844.0    -1354.7
                                      
 -6409.3    -3913.4
                                      
 -8289.9    -6983.6
                                      
  -812.4     6378.5
                                      
 -2536.3     3564.0
                                      
 -3475.5     2028.9
                                      
 -4884.6     -273.9
                                      
 -5982.2    -2065.0
                                      
 -7549.0    -4623.6
                                      
 -1010.2     7203.4
                                      
 -3047.3     3877.2
                                      
 -4927.3      807.0
                                      
 -6023.0     -984.0
                                      
 -8374.0    -4821.9
                                      
 -1523.4     7516.7
                                      
 -2618.9     5725.6
                                      
 -3402.9     4446.4
                                      
 -4655.0     2399.5
                                      
 -5908.4      352.6
                                      
 -7161.2    -1694.3
                                      
 -9199.1    -5020.4
                                      
 -2503.7     7062.4
                                      
 -3287.7     5783.0
                                      
 -4540.1     3736.3
                                      
 -6106.6     1177.7
                                      
 -7046.8     -357.5
                                      
 -8143.8    -2148.6
                                      
 -9552.7    -4451.3
                                      
 -2859.3     7631.6
                                      
 -4738.3     4561.2
                                      
 -5679.1     3026.1
                                      
 -6462.3     1746.7
                                      
 -8027.7     -811.9
                                      
 -8969.2    -2347.0
                                      
-10534.9    -4905.5
                                      
 -3683.9     7433.2
                                      
 -5720.0     4106.9
                                      
 -7288.1     1548.3
                                      
 -8383.4     -242.6
                                      
 -9480.1    -2033.8
                                      
-10576.3    -3824.8
                                      
-11674.0    -5615.8
                                      
 -3882.1     8258.1
                                      
 -5762.7     5187.8
                                      
 -6546.0     3908.4
                                      
 -7641.9     2117.4
                                      
 -9208.9     -441.1
                                      
-10617.8    -2743.9
                                      
-12027.8    -5046.6
                                      
 -3768.9     9594.8
                                      
 -4551.1     8315.6
                                      
 -6118.5     5757.0
                                      
 -7684.9     3198.3
                                      
 -8780.3     1407.3
                                      
-10189.7     -895.5
                                      
-11285.9    -2686.5
                                      
-12069.4    -3965.7
                                      
 -4122.8    10163.9
                                      
 -4906.9     8884.7
                                      
 -7100.2     5302.6
                                      
 -8821.6     2488.1
                                      
-10545.5     -326.2
                                      
-11955.9    -2629.1
                                      
-13208.5    -4675.9
                                      
 -5731.6     8686.2
                                      
 -7298.7     6127.6
                                      
 -8864.8     3569.0
                                      
-11213.8     -268.8
                                      
-13562.5    -4106.8
                                      
 -6085.6     9255.4
                                      
 -7965.6     6185.1
                                      
-10942.9     1323.8
                                      
-12508.7    -1234.9
                                      
-13761.4    -3281.8
                                      
 -5970.9    10592.1
                                      
 -6599.1     9568.7
                                      
 -7225.3     8545.2
                                      
 -8321.6     6754.1
                                      
 -9262.0     5219.0
                                      
-10044.8     3939.8
                                      
-10670.0     2916.3
                                      
-11297.0     1892.8
                                      
-12864.7     -665.8
                                      
-14586.4    -3480.2
                                      
 -6482.6    10905.3
                                      
 -7579.4     9114.4
                                      
 -8520.3     7579.1
                                      
 -9928.9     5276.5
                                      
-12122.7     1694.3
                                      
-13218.8      -96.6
                                      
-14471.5    -2143.5
                                      
-15254.5    -3422.9
                                      
 -8091.1     9427.7
                                      
 -9814.9     6613.2
                                      
-10755.0     5078.0
                                      
-11380.2     4054.5
                                      
-12007.2     3031.1
                                      
-12791.2     1751.8
                                      
-13730.1      216.7
                                      
-14513.5    -1062.7
                                      
 -8134.2    10508.5
                                      
 -8760.2     9485.0
                                      
 -9856.3     7694.0
                                      
-11893.6     4367.9
                                      
-14086.2      785.8
                                      
-15652.8    -1772.8
                                      
 -7704.7    12357.0
                                      
 -9427.4     9542.5
                                      
-11150.8     6728.0
                                      
-12405.1     4681.2
                                      
-13344.4     3145.9
                                      
-14128.2     1866.7
                                      
-16164.0    -1459.5
                                      
 -8374.2    12414.4
                                      
 -9313.3    10879.2
                                      
-10722.3     8576.4
                                      
-11662.4     7041.4
                                      
-12759.4     5250.3
                                      
-13855.9     3459.2
                                      
-14796.8     1924.1
                                      
-15423.1      900.7
                                      
-16675.3    -1146.2
                                      
-17301.2    -2169.6
                                      
 -9199.1    12215.9
                                      
-10608.4     9913.2
                                      
-12958.5     6075.3
                                      
-14994.0     2749.0
                                      
-17814.4    -1856.4
                                      
