 13003.1     -303.9
                                      
 10717.0    -4524.6
                                      
  8146.1    -9272.8
                                      
  6145.1   -12966.0
                                      
  5287.8   -14548.8
                                      
 12760.8      509.4
                                      
 11904.3    -1073.3
                                      
 11046.3    -2656.1
                                      
 10332.5    -3975.0
                                      
  8903.9    -6612.9
                                      
  7047.2   -10042.3
                                      
  5617.1   -12680.2
                                      
  4618.4   -14526.7
                                      
 11375.8     -787.7
                                      
 10661.8    -2106.5
                                      
  9662.2    -3953.1
                                      
  9090.7    -5008.2
                                      
  8375.6    -6327.2
                                      
  7233.5    -8437.6
                                      
  6233.7   -10284.0
                                      
  5517.7   -11603.1
                                      
  4803.9   -12922.1
                                      
  4090.4   -14241.0
                                      
 10991.2     -238.0
                                      
  9991.3    -2084.6
                                      
  9133.8    -3667.4
                                      
  8134.8    -5513.9
                                      
  6990.7    -7624.2
                                      
  4134.3   -12900.1
                                      
 11178.7     1366.6
                                      
 10178.5     -479.9
                                      
  8035.8    -4436.8
                                      
  6177.0    -7866.1
                                      
  4034.8   -11822.9
                                      
 10365.9     1124.9
                                      
  9365.9     -721.6
                                      
  8650.2    -2040.7
                                      
  7936.8    -3359.5
                                      
  6792.4    -5470.0
                                      
  5792.3    -7316.6
                                      
  4507.5    -9690.7
                                      
  2793.1   -12856.1
                                      
  9837.1     1410.5
                                      
  8123.6    -1754.8
                                      
  7122.6    -3601.4
                                      
  5265.8    -7030.7
                                      
  2693.4   -11779.1
                                      
  9596.3     2223.9
                                      
  7880.7     -941.6
                                      
  6452.2    -3579.5
                                      
  4737.4    -6745.0
                                      
  3738.0    -8591.5
                                      
  2452.1   -10965.7
                                      
  1308.5   -13076.1
                                      
  8353.5     1190.7
                                      
  7639.8     -128.2
                                      
  7068.2    -1183.4
                                      
  5781.8    -3557.5
                                      
  4781.6    -5404.0
                                      
  2495.8    -9624.8
                                      
  7968.6     1740.2
                                      
  7396.8      685.1
                                      
  5968.1    -1952.9
                                      
  4540.4    -4590.7
                                      
  3967.7    -5646.0
                                      
  1825.9    -9602.8
                                      
  7583.7     2289.7
                                      
  6584.1      443.3
                                      
  4870.2    -2722.2
                                      
  2298.2    -7470.5
                                      
   584.1   -10636.0
                                      
  -130.9   -11955.0
                                      
  6484.9     1520.3
                                      
  4199.7    -2700.3
                                      
  1628.0    -7448.5
                                      
   -87.7   -10614.2
                                      
  5100.7      223.4
                                      
  3814.6    -2150.7
                                      
  2956.4    -3733.6
                                      
   529.4    -8218.0
                                      
  5287.1     1828.0
                                      
  4715.6      773.0
                                      
  4144.3     -282.2
                                      
  3573.2    -1337.4
                                      
  3000.4    -2392.6
                                      
  1430.2    -5294.2
                                      
  -999.3    -9778.7
                                      
  4760.0     2113.8
                                      
  4188.6     1058.7
                                      
  2758.9    -1579.3
                                      
  1188.6    -4481.0
                                      
   472.8    -5800.0
                                      
  -384.3    -7382.7
                                      
 -1097.6    -8701.7
                                      
 -1955.9   -10284.4
                                      
  5374.2     4509.9
                                      
  4804.4     3454.8
                                      
  3374.0      816.9
                                      
  1802.9    -2084.9
                                      
   659.8    -4195.3
                                      
  -626.0    -6569.4
                                      
 -2625.9   -10262.5
                                      
  3132.5     1630.2
                                      
  1990.4     -480.1
                                      
  1132.3    -2063.0
                                      
   274.6    -3645.8
                                      
 -1439.7    -6811.2
                                      
 -2867.8    -9449.1
                                      
  3891.9     4290.1
                                      
  2034.2      860.7
                                      
   605.3    -1777.2
                                      
    32.8    -2832.4
                                      
  -966.1    -4678.8
                                      
 -1966.5    -6525.5
                                      
 -2966.4    -8372.0
                                      
 -3967.7   -10218.6
                                      
  3792.3     5367.2
                                      
  2935.1     3784.5
                                      
  2363.8     2729.3
                                      
  1792.6     1674.2
                                      
   219.9    -1227.7
                                      
 -1351.5    -4129.4
                                      
 -3065.0    -7294.8
                                      
 -3923.1    -8877.6
                                      
  3265.0     5653.0
                                      
  2407.8     4070.3
                                      
   121.8     -150.4
                                      
  -879.6    -1997.1
                                      
 -1878.4    -3843.6
                                      
 -3165.6    -6217.7
                                      
 -3878.5    -7536.7
                                      
 -4879.8    -9383.3
                                      
  2451.8     5411.1
                                      
  1594.8     3828.4
                                      
   165.3     1190.4
                                      
 -1119.5    -1183.7
                                      
 -2263.9    -3294.1
                                      
 -3549.1    -5668.2
                                      
 -4978.7    -8306.1
                                      
  2066.3     5960.6
                                      
   779.9     3586.5
                                      
  -220.2     1739.9
                                      
 -1219.8     -106.5
                                      
 -1933.8    -1425.6
                                      
 -3362.9    -4063.5
                                      
 -5648.8    -8284.1
                                      
  1396.9     5982.7
                                      
   396.3     4136.0
                                      
  -747.5     2025.8
                                      
 -1461.8      706.8
                                      
 -3605.0    -3250.1
                                      
 -5604.5    -6943.2
                                      
 -6605.4    -8789.8
                                      
  1011.3     6532.1
                                      
   154.4     4949.4
                                      
  -702.1     3366.7
                                      
 -1703.8     1520.1
                                      
 -2559.5      -62.7
                                      
 -4417.0    -3491.9
                                      
 -6418.0    -7185.1
                                      
   198.1     6290.3
                                      
 -1231.5     3652.4
                                      
 -2660.0     1014.4
                                      
 -4374.3    -2151.0
                                      
 -5517.7    -4261.4
                                      
 -7088.3    -7163.0
                                      
  -329.5     6576.1
                                      
 -1758.9     3938.2
                                      
 -3043.8     1564.0
                                      
 -5045.0    -2129.2
                                      
 -7187.5    -6086.0
                                      
 -1142.7     6334.3
                                      
 -3000.7     2904.9
                                      
 -4428.5      267.0
                                      
 -5715.7    -2107.2
                                      
 -7000.1    -4481.2
                                      
 -8144.3    -6591.7
                                      
 -8715.2    -7646.8
                                      
 -2099.5     5828.5
                                      
 -2955.7     4245.9
                                      
 -3813.4     2663.0
                                      
 -4670.8     1080.4
                                      
 -5812.7    -1030.0
                                      
 -6671.2    -2612.8
                                      
 -7670.6    -4459.3
                                      
 -9099.1    -7097.2
                                      
 -2054.3     7169.5
                                      
 -2912.6     5586.8
                                      
 -3626.9     4267.7
                                      
 -4626.1     2421.4
                                      
 -5198.3     1366.0
                                      
 -6483.5    -1008.0
                                      
 -7485.2    -2854.6
                                      
 -8341.1    -4437.3
                                      
 -8912.1    -5492.5
                                      
 -9485.0    -6547.7
                                      
 -4439.8     4025.9
                                      
 -5869.3     1388.1
                                      
 -7441.1    -1513.8
                                      
 -8012.5    -2568.9
                                      
 -8727.0    -3887.8
                                      
 -9725.8    -5734.3
                                      
